1.070221019876829022e-01,6.309827779619442412e-03
5.685047065351621631e-01,-5.944637644245790442e-01
4.163978651701347178e-01,-1.392567886698158564e+00
1.175050419898125836e-01,-1.929044235081696715e-02
4.343687698786884432e-01,3.716315783974729059e-01
1.770607926413620969e+00,4.427424148591827535e-01
1.164782838746683535e-01,1.246233319421086172e-02
8.910054506056109824e-01,-3.889403353233532035e-01
4.690660726303909622e-01,-1.331209285377575879e+00
8.560999104932269510e-02,8.492692026813382367e-02
5.037314144764675206e-01,1.064548648374655571e+00
2.220488353721796315e+00,-5.941112031567671176e-02
