6.153841666113970404e-02,3.032142912956028655e-02
1.120716756767903721e+00,3.317981649646930542e-01
1.180857953549775630e+00,-8.633180952266182873e-01
1.336976495437595669e-01,4.040893124447773183e-02
1.802315273127681472e-01,9.617597185992443620e-01
1.023630912821060335e+00,1.283844402757258418e+00
1.618137188328436227e-01,-1.377217543436196068e-02
6.870486129061664782e-01,-7.156813167741936654e-01
6.522317263590030612e-01,-9.922904710472428835e-01
5.473845351314939739e-02,-1.733381552755742031e-02
9.573326749271443559e-01,6.498662162587763858e-01
9.226932552270432630e-01,7.469954061349763919e-01
