3.556836895224130962e-02,1.772880705610544241e-02
1.107843411626199703e+00,2.621980256721516134e-01
1.163367663303897404e+00,-9.797205630098354545e-01
1.106846518439622978e-01,4.286193871194063365e-02
1.950631546683916917e-01,8.605949865107048735e-01
8.916254756421921890e-01,1.258284099897945651e+00
1.091100276173825739e-01,-1.207047284833958831e-02
7.688584992657538919e-01,-6.217999540680528847e-01
5.919416433210088480e-01,-1.093008033273304758e+00
6.586918968224104998e-02,-2.729948598447600946e-02
8.655972055584347791e-01,5.844844942133097243e-01
1.114065039838046056e+00,1.075065826966985050e+00
