1.062700050384414174e-01,6.309827779619442412e-03
5.685047065351621631e-01,-5.776749921389712217e-01
4.163978651701347178e-01,-1.392567886698158564e+00
1.186568765429493744e-01,-1.931221165304292803e-02
4.343687698786884432e-01,3.716315783974729059e-01
1.770607926413620969e+00,4.427424148591827535e-01
1.140353545863381224e-01,1.261953510751137597e-02
8.910054506056109824e-01,-3.889403353233532035e-01
4.722902941409180544e-01,-1.331209285377575879e+00
8.630908009021277805e-02,8.249720225573671517e-02
5.037314144764675206e-01,1.064548648374655571e+00
2.220488353721796315e+00,-5.752149613564459807e-02
