6.192509475536250169e-02,2.831719344284739509e-02
1.120565261841253824e+00,3.323307426107726670e-01
1.233393373536997739e+00,-8.690687977495417105e-01
1.256618960405954388e-01,3.814058714897358010e-02
1.804770785252028942e-01,9.396489874733955361e-01
9.207482970530466160e-01,1.200551202627275327e+00
1.488698906092749963e-01,-1.250553281556249577e-02
6.711899606863892531e-01,-7.178188594135755940e-01
6.570544189424222248e-01,-9.865061835418493796e-01
5.765012311142857920e-02,-2.203493460910326690e-02
9.542640828282271670e-01,6.616311470833136088e-01
9.142948100799453970e-01,7.620701804575246152e-01
