3.556836895224130962e-02,1.772880705610544241e-02
1.062396725049507440e+00,2.626495887422678477e-01
1.095772817643095864e+00,-9.342680873477862136e-01
1.098990174268773823e-01,4.257139993456592747e-02
1.864192706002167077e-01,9.465693489421621587e-01
8.264984244376737399e-01,1.282880822638006402e+00
1.115131838677060755e-01,-1.280766080331677444e-02
7.712356969646603222e-01,-6.223504627044167403e-01
6.018992223563874866e-01,-1.052973469866257616e+00
6.603124378563962615e-02,-2.651786890539469324e-02
9.637561727419315938e-01,5.863952820613685946e-01
1.064384059469780430e+00,1.015847281860873474e+00
