5.297940389955208690e-02,3.031593109233660099e-02
1.120716756767903721e+00,3.317956732866117475e-01
1.238942465723706254e+00,-8.768679617052335118e-01
1.329684382057347014e-01,3.972585476594822640e-02
1.763215403318652563e-01,9.577903709760049455e-01
9.990095872946614941e-01,1.249346030547993980e+00
1.522317562322954565e-01,-1.401819118220341137e-02
6.747919956622937532e-01,-7.323085406275759990e-01
6.638292801273210086e-01,-9.779615736811035909e-01
5.604830920818252432e-02,-1.844140415112097836e-02
9.569928664577755928e-01,6.501521643897731906e-01
9.631140655006257267e-01,7.555223508749976391e-01
