6.090965873261484226e-02,3.075725638357600100e-02
1.120716756767903721e+00,3.334188523687589556e-01
1.171321133049388230e+00,-8.628521557989343727e-01
1.317265930834953247e-01,4.019844978062524915e-02
1.797953106236105936e-01,9.617597185992443620e-01
1.013954646701663131e+00,1.283616232177641425e+00
1.561499636486651243e-01,-1.392026698526639857e-02
6.814091949947306270e-01,-7.156813167741936654e-01
6.474231348759511562e-01,-9.922904710472428835e-01
4.900018514115987711e-02,-1.705403950789350156e-02
9.580192821149897675e-01,6.498662162587763858e-01
9.294141721301968362e-01,7.469954061349763919e-01
