3.628278718042906442e-02,1.784848667401934749e-02
1.109138855572720406e+00,3.120245221313792117e-01
1.184525759795248989e+00,-8.500059285488653638e-01
1.227622760032353877e-01,4.067326589030895168e-02
1.570681513185417100e-01,8.688260217366463589e-01
9.400637649554850483e-01,1.128922488667792878e+00
1.449770196097446562e-01,-1.334645271182419504e-02
7.224204942096772442e-01,-6.561166545950828377e-01
6.255881692468313604e-01,-1.027015378977857107e+00
6.366282155520648633e-02,-2.200804013351455660e-02
8.962015129773782673e-01,7.192008203867660265e-01
9.258983555129961518e-01,7.833267400254338986e-01
