6.062356169248284132e-02,3.182514225518671275e-02
1.120565261841253824e+00,3.312829149967865816e-01
1.202054364121730945e+00,-8.764943011944127393e-01
1.284496375666523971e-01,3.953012083442496855e-02
1.795861490372928082e-01,9.577903709760049455e-01
9.585567006441810811e-01,1.271245566577295039e+00
1.460835228319362633e-01,-1.453734956178306427e-02
6.825065196227133590e-01,-7.338357032928617407e-01
6.570349014706255986e-01,-9.899609045704743648e-01
5.700444472119320372e-02,-1.928348431056783191e-02
9.600273130295968738e-01,6.616311470833136088e-01
9.354930602963941189e-01,7.555223508749976391e-01
