9.475546757339801951e-02,2.412310652818286036e-02
1.110154565539315019e+00,2.658582801861382738e-01
1.098223792988766823e+00,-9.258800523381700565e-01
1.151656534688283440e-01,3.957706338534426604e-02
1.369137872905434594e-01,9.143189429007468894e-01
1.044138434469662258e+00,1.325525129109942135e+00
1.392179992463755123e-01,-1.271577922450039221e-02
7.493737018256740878e-01,-6.920062190250170220e-01
6.048691337654246158e-01,-1.014315143811569842e+00
6.799927308975656226e-02,-2.193393429843756848e-02
8.284164985752741073e-01,6.977235531249551537e-01
1.049609312228647395e+00,8.999080850186993441e-01
