5.319734373106936587e-02,3.042089088275342842e-02
1.120216774369388268e+00,3.317956732866117475e-01
1.232395646393336763e+00,-8.768679617052335118e-01
1.331179506486471209e-01,3.972585476594822640e-02
1.763143420292359598e-01,9.577903709760049455e-01
9.970304227030719613e-01,1.249346030547993980e+00
1.522317562322954565e-01,-1.413505726907813773e-02
6.693318917138435520e-01,-7.323085406275759990e-01
6.566741029591410816e-01,-9.779615736811035909e-01
5.578639404535767898e-02,-1.850269424355248729e-02
9.569928664577755928e-01,6.501521643897731906e-01
9.354930602963941189e-01,7.555223508749976391e-01
