9.621616692735029952e-02,2.175340220023122551e-02
1.056708324815499145e+00,2.612782539671795745e-01
1.113733248478592675e+00,-9.442636871865682791e-01
1.161787244983727707e-01,3.881605070244650846e-02
1.499835862227359429e-01,9.276642766514895388e-01
9.358916020834104899e-01,1.284526879316396197e+00
1.372656376113333965e-01,-1.187064558909623618e-02
7.418701734957625638e-01,-6.602339169419728648e-01
5.723120155237694240e-01,-1.049148970612414633e+00
6.376738434751845486e-02,-2.246012303474354335e-02
8.046420274142528362e-01,7.635009700149281153e-01
1.034733878524850104e+00,9.427963702480394170e-01
