9.111438117081709087e-02,1.872954820104232726e-02
1.073754497425491783e+00,2.571369550899266776e-01
1.063735286254451351e+00,-8.859733119577554161e-01
1.141781935307992768e-01,4.205091962906975372e-02
1.735298840128811360e-01,9.311903503467733323e-01
9.217855882016675606e-01,1.312028453088857516e+00
1.221035743403014323e-01,-1.241232443467083640e-02
7.382932556347093778e-01,-6.174591516673785252e-01
6.201584198832205130e-01,-1.126275594633119548e+00
6.679477058252156207e-02,-2.513178152376239691e-02
5.929198444177475880e-01,8.380130242448793343e-01
7.878442411411670232e-01,9.028185803248935937e-01
