9.640730444763971618e-02,2.426392817609733868e-02
1.118915483976963499e+00,3.215584816811102864e-01
1.141979711365980421e+00,-8.365944689264414036e-01
1.326859941319201708e-01,3.817270293222318339e-02
1.593027062840046970e-01,9.166436641306936473e-01
9.434314950276954104e-01,1.208180812122974901e+00
1.581943862310818127e-01,-1.116771679693856836e-02
6.969431086582875690e-01,-6.238870215253861096e-01
6.437071742985807088e-01,-1.006263138845894245e+00
6.082917310240418263e-02,-2.222966178515663888e-02
9.267954376085526524e-01,6.942907468916054148e-01
9.231966565071115793e-01,7.733032724529249613e-01
