1.068012067092335704e-01,6.309827779619442412e-03
5.685047065351621631e-01,-5.933152256736564656e-01
4.163978651701347178e-01,-1.392567886698158564e+00
1.186568765429493744e-01,-1.912492616530514847e-02
4.343687698786884432e-01,3.716315783974729059e-01
1.770607926413620969e+00,4.427424148591827535e-01
1.140971659617045497e-01,1.246233319421086172e-02
8.910054506056109824e-01,-3.889403353233532035e-01
4.690660726303909622e-01,-1.331209285377575879e+00
8.630908009021277805e-02,8.478603410194636425e-02
5.037314144764675206e-01,1.064548648374655571e+00
2.220488353721796315e+00,-5.941112031567671176e-02
