5.594035079539565192e-02,2.967883151460225244e-02
1.120716756767903721e+00,3.301435889642648780e-01
1.241552241199354922e+00,-8.768679617052335118e-01
1.326421051178001964e-01,4.019297554214534829e-02
1.806323431723347861e-01,9.577903709760049455e-01
9.823438531842839661e-01,1.283844402757258418e+00
1.561757662815523029e-01,-1.366968001447320911e-02
6.789986526691945690e-01,-7.331250126233529452e-01
6.613424867734207790e-01,-9.779615736811035909e-01
5.716995266443570395e-02,-1.784094795289756230e-02
9.571655037240546227e-01,6.498662162587763858e-01
9.370224831644957675e-01,7.366331748315646522e-01
