6.011660838713718535e-02,2.967693722133843762e-02
1.122180474181973642e+00,3.282021252033875403e-01
1.214831862444368138e+00,-8.711330956454573782e-01
1.224309737059048747e-01,3.597546361533238840e-02
1.691589230822375112e-01,9.288366369134024580e-01
9.387716697404351329e-01,1.217309098038452664e+00
1.488568017695009738e-01,-1.214822942619287957e-02
6.466807871008849462e-01,-7.155371514099020391e-01
6.515396491107421362e-01,-9.965592379008946233e-01
6.079001015420949089e-02,-2.231915764883341674e-02
9.633270075501572105e-01,6.814638484808351881e-01
9.443204358315019364e-01,8.001265403391597530e-01
