6.452457448911440296e-02,3.161881977443414121e-02
1.120565261841253824e+00,3.312829149967865816e-01
1.208085774009245883e+00,-8.720461644562538250e-01
1.300234562795454518e-01,3.984351586155356062e-02
1.768211913098259314e-01,9.584224882155134573e-01
9.535329411555477641e-01,1.246889748877863635e+00
1.463555033371750913e-01,-1.381297618596597464e-02
6.825065196227133590e-01,-7.338357032928617407e-01
6.570349014706255986e-01,-9.899609045704743648e-01
5.479923632590581739e-02,-2.031125668274459672e-02
9.624452745410506660e-01,6.616311470833136088e-01
9.347589393205303354e-01,7.623070879904983999e-01
